0	7	0	5	23962	
1	7	10	4	4735	
2	7	4	5	2482	
3	10	11	7	7204	
4	11	0	3	6702	
5	3	2	8	3976	
6	7	14	5	2575	
7	3	1	5	15094	
8	8	11	5	3382	
9	9	10	5	2139	
10	0	4	8	3524	
11	11	4	2	3398	
12	15	8	5	2399	
13	1	6	5	3519	
14	6	10	5	1730	
15	15	6	5	7594	
16	9	14	5	2639	
17	15	13	5	1771	
18	13	3	2	3726	
19	12	13	7	4260	
20	13	14	5	4335	
21	15	0	2	4928	
22	12	3	3	9107	
23	15	2	5	2614	
24	5	14	3	6881	
25	10	9	5	4709	
26	10	3	5	1588	
27	12	8	7	2588	
28	15	5	3	2212	
29	15	12	5	1678	
30	10	3	5	1579	
31	1	4	7	3273	
32	9	2	3	3306	
33	14	12	5	3491	
34	7	11	5	9322	
35	13	11	5	2701	
36	2	5	5	2119	
37	3	5	5	1869	
38	12	10	5	1803	
39	1	8	5	4100	
40	2	4	5	1265	
41	9	4	5	3144	
42	5	8	5	1886	
43	12	14	6	6003	
44	11	9	5	3195	
45	7	15	5	3134	
46	14	2	5	1697	
47	6	11	5	981	
48	0	1	7	3414	
49	5	4	8	2486	
50	5	0	7	3461	
51	2	13	3	2337	
52	0	14	3	2244	
53	4	10	3	1896	
54	8	14	5	3445	
55	7	14	5	2602	
56	0	6	5	4476	
57	4	9	5	1951	
58	3	0	5	1584	
59	5	9	5	1544	
60	2	7	8	1922	
61	7	2	8	1463	
62	6	11	5	1990	
63	4	10	3	2541	
64	5	7	5	2759	
65	0	7	5	1634	
66	14	6	5	1127	
67	0	5	8	2675	
68	2	12	3	5069	
69	2	14	5	2545	
70	7	4	5	929	
71	9	1	5	1729	
72	4	2	5	4448	
73	7	13	5	1854	
74	8	9	7	7565	
75	8	1	5	3262	
76	6	12	3	3956	
77	4	0	8	5915	
78	14	4	3	2057	
79	4	5	7	2119	
80	9	13	8	4829	
81	14	10	8	2856	
82	6	8	5	1651	
83	11	15	8	2777	
84	0	10	3	2835	
85	10	11	7	2555	
86	7	15	5	2458	
87	9	2	3	2482	
88	9	15	5	4144	
89	4	12	5	2514	
90	0	8	5	5239	
91	13	4	4	3520	
92	1	10	3	3793	
93	13	8	7	4022	
94	14	1	3	6794	
95	5	8	4	7256	
96	7	8	3	12473	
97	1	2	5	19114	
98	1	12	5	2024	
99	5	6	6	4642	
100	2	5	6	8348	
101	12	5	5	2618	
102	2	0	6	6955	
103	14	5	3	5657	
104	11	5	3	3792	
105	14	15	7	3286	
106	9	15	5	2228	
107	12	7	3	4432	
108	4	13	4	7699	
109	10	15	8	2541	
110	13	7	3	3601	
111	2	10	5	2199	
112	6	8	3	1857	
113	8	4	5	2942	
114	12	9	7	13402	
115	1	13	5	2645	
116	10	6	5	2669	
117	15	6	5	2649	
118	14	4	2	2458	
119	11	2	5	7070	
120	1	10	3	2490	
121	14	8	6	4143	
122	10	7	5	4043	
123	3	8	3	4554	
124	12	9	6	6140	
125	12	10	5	3700	
126	1	7	5	2552	
127	5	15	3	3103	
128	13	9	7	1921	
129	5	10	3	4336	
130	13	11	5	8449	
131	6	12	3	2915	
132	15	4	3	2484	
133	1	6	5	1990	
134	7	9	3	6134	
135	11	1	3	1273	
136	12	8	7	2358	
137	13	1	5	9858	
138	0	2	5	1527	
139	14	3	5	2136	
140	1	0	6	3425	
141	15	11	8	3107	
142	3	12	3	1960	
143	12	11	5	2858	
144	8	9	7	3847	
145	8	4	5	5731	
146	8	10	5	1366	
147	7	5	5	1454	
148	4	1	7	2619	
149	0	9	5	1648	
150	14	10	8	1828	
151	2	6	8	3363	
152	15	3	5	3665	
153	10	15	8	2603	
154	8	7	6	1891	
155	6	13	3	6581	
156	6	3	7	5147	
157	12	5	5	7922	
158	11	1	3	3556	
159	12	13	8	3805	
160	2	1	6	3274	
161	3	9	3	3461	
162	3	11	5	2463	
163	2	15	5	1398	
164	14	6	5	1855	
165	10	2	5	1324	
166	0	13	5	2951	
167	13	8	7	1866	
168	3	11	5	4418	
169	2	8	3	5027	
170	0	8	5	1579	
171	13	5	5	1304	
172	13	6	3	2229	
173	10	5	3	3071	
174	14	13	5	1703	
175	4	15	3	1590	
176	13	10	5	1398	
177	3	2	8	2452	
178	0	15	3	3676	
179	11	5	3	3980	
180	10	8	5	2776	
181	1	7	5	1366	
182	1	5	5	1017	
183	3	9	5	3087	
184	15	3	5	7034	
185	9	0	5	2240	
186	7	12	3	4757	
187	5	1	8	2260	
188	4	11	3	5942	
189	4	6	5	1387	
190	10	0	3	1922	
191	14	3	5	2614	
192	9	14	5	1949	
193	6	9	3	7440	
194	4	3	5	5215	
195	7	9	3	1712	
196	13	3	3	1804	
197	13	10	5	1730	
198	4	12	5	1235	
199	8	3	5	1309	
200	12	15	5	2677	
201	9	1	5	5010	
202	5	9	5	1367	
203	6	3	7	3540	
204	6	7	8	2061	
205	8	2	3	2588	
206	14	0	3	3052	
207	3	7	8	3902	
208	2	11	5	5241	
209	6	5	5	1807	
210	8	15	5	1449	
211	6	9	3	3676	
212	3	4	5	2230	
213	12	0	5	1480	
214	7	11	5	2260	
215	5	3	5	1984	
216	13	15	5	1367	
217	8	11	5	1442	
218	0	3	5	1142	
219	0	12	5	1866	
220	3	7	8	2218	
221	9	11	6	2057	
222	11	12	5	4284	
223	6	4	5	2796	
224	15	1	3	1621	
225	15	14	7	2957	
226	1	3	5	4101	
227	2	13	3	2261	
228	2	12	3	5536	
229	13	5	5	2448	
230	14	11	7	2077	
231	1	12	5	4679	
232	2	6	8	5364	
233	7	6	7	5614	
234	11	0	3	6785	
235	1	14	3	2978	
236	11	14	7	2012	
237	0	13	5	1958	
238	6	0	5	2167	
239	15	1	3	6040	
