0	11	13	3	5886	
1	6	15	3	4654	
2	13	6	1	5414	
3	12	13	7	10005	
4	7	11	6	9775	
5	6	2	7	6216	
6	7	5	8	3445	
7	14	1	2	6145	
8	13	3	3	4525	
9	10	1	2	5554	
10	3	12	1	5944	
11	15	12	3	7775	
12	15	3	6	5455	
13	13	15	8	5905	
14	0	15	1	5394	
15	1	4	6	10566	
16	0	11	3	4454	
17	1	2	3	9365	
18	11	8	3	5595	
19	5	8	2	6184	
20	10	2	6	11545	
21	9	8	7	5195	
22	9	15	4	6635	
23	2	9	1	7044	
24	5	13	6	5734	
25	7	0	3	5966	
26	15	12	3	6374	
27	14	0	3	6435	
28	0	6	6	5275	
29	13	14	4	3075	
30	9	2	1	5794	
31	7	1	4	3435	
32	1	9	6	11645	
33	7	14	3	7605	
34	0	2	4	7034	
35	7	2	3	10095	
36	4	8	7	5104	
37	12	3	1	4353	
38	4	15	1	4994	
39	10	3	4	5555	
40	13	0	2	4384	
41	10	0	2	37295	
42	4	7	6	6974	
43	0	9	3	5034	
44	13	8	7	2474	
45	13	9	7	6245	
46	6	3	6	6665	
47	2	15	3	3524	
48	1	13	6	4565	
49	12	4	7	5676	
50	2	8	1	6374	
51	8	6	3	4004	
52	10	12	7	2525	
53	1	5	8	4324	
54	5	7	7	2884	
55	12	14	7	4454	
56	5	12	3	3625	
57	3	4	3	4915	
58	1	6	2	4703	
59	8	1	3	4325	
60	14	10	8	4615	
61	1	15	2	5915	
62	1	7	6	7724	
63	9	4	2	6265	
64	9	15	8	4285	
65	2	0	8	4755	
66	10	8	8	5975	
67	15	3	6	4394	
68	2	8	3	4385	
69	1	13	6	4374	
70	3	2	6	5795	
71	8	10	8	3715	
72	13	10	6	3495	
73	7	0	4	7517	
74	14	6	6	4055	
75	12	11	3	6643	
76	7	13	3	7756	
77	10	11	4	7606	
78	8	3	2	8093	
79	13	2	1	4684	
80	0	8	6	3883	
81	15	1	3	4935	
82	15	6	2	6385	
83	14	9	3	4926	
84	15	5	3	4404	
85	12	11	2	5235	
86	15	11	8	5344	
87	3	0	3	7955	
88	7	2	4	9395	
89	7	9	2	4776	
90	6	12	3	5146	
91	11	2	3	4296	
92	8	7	1	5084	
93	5	4	7	2995	
94	0	3	3	3163	
95	5	14	2	5255	
96	6	10	7	3313	
97	1	6	2	6695	
98	5	14	1	5194	
99	4	13	3	7245	
100	0	4	7	3835	
101	5	2	3	3815	
102	9	6	1	4914	
103	8	5	3	4434	
104	11	8	3	4575	
105	10	12	6	7634	
106	6	3	4	7974	
107	10	6	6	7014	
108	12	6	3	3744	
109	13	10	2	3674	
110	9	3	2	2915	
111	1	0	4	6085	
112	0	9	3	4384	
113	0	10	3	5654	
114	3	9	3	7655	
115	10	4	2	4834	
116	5	6	6	3365	
117	12	1	3	5215	
118	7	12	1	4685	
119	8	12	8	10744	
120	11	6	2	4895	
121	11	5	2	6526	
122	12	0	6	2493	
123	13	5	7	2194	
124	8	15	2	6333	
125	0	12	4	8674	
126	11	3	7	4964	
127	8	3	2	3274	
128	9	11	7	3463	
129	7	9	2	9033	
130	5	11	2	4904	
131	3	14	2	3363	
132	14	11	4	3234	
133	10	15	4	5764	
134	2	10	6	6564	
135	4	10	2	6944	
136	15	7	4	9005	
137	6	7	6	4435	
138	14	2	6	4784	
139	13	0	3	4094	
140	11	6	2	5165	
141	4	15	1	4683	
142	12	5	2	4643	
143	11	4	1	6753	
144	5	3	7	3693	
145	5	2	4	7596	
146	9	14	4	4543	
147	11	2	2	5073	
148	11	1	3	5113	
149	10	7	2	4133	
150	14	4	2	3463	
151	3	1	6	2404	
152	8	12	8	3675	
153	13	3	2	3244	
154	3	2	8	4723	
155	12	9	8	2075	
156	6	14	4	4043	
157	4	2	4	4013	
158	8	9	7	4693	
159	13	14	4	4123	
160	14	4	2	6755	
161	6	5	4	5854	
162	1	8	2	4734	
163	5	0	3	5044	
164	10	15	3	5603	
165	1	10	1	5925	
166	1	3	8	5794	
167	9	12	8	2994	
168	9	1	7	4964	
169	15	11	8	4626	
170	7	6	7	16294	
171	12	1	2	7632	
172	1	4	7	4804	
173	9	5	7	3694	
174	13	7	3	6824	
175	7	10	4	7534	
176	11	10	7	5203	
177	14	15	6	49283	
178	10	9	3	3024	
179	8	14	6	3824	
180	0	6	7	4533	
181	1	5	7	4265	
182	5	4	7	6024	
183	2	1	3	5623	
184	2	6	6	5984	
185	10	5	2	3864	
186	5	0	4	6033	
187	3	14	2	4914	
188	8	6	2	7834	
189	1	14	1	6224	
190	8	0	7	3295	
191	0	4	8	3514	
192	2	12	3	3394	
193	11	4	1	4846	
194	4	9	3	3094	
195	7	14	3	2713	
196	15	13	6	2584	
197	15	8	3	5132	
198	3	10	2	5113	
199	12	2	2	3853	
200	6	4	7	3885	
201	2	4	6	6065	
202	13	6	1	3123	
203	15	2	2	4125	
204	12	4	6	3464	
205	11	7	6	7664	
206	14	8	7	3674	
207	7	12	1	10013	
208	8	4	7	3624	
209	13	2	1	4474	
210	11	3	7	3094	
211	3	7	8	5293	
212	13	4	2	9674	
213	6	9	2	3393	
214	3	4	1	7634	
215	5	3	3	4174	
216	5	9	7	4553	
217	7	8	1	9476	
218	1	11	2	6463	
219	10	5	2	3304	
220	15	14	8	3372	
221	10	14	8	4243	
222	7	15	6	3424	
223	9	10	4	3063	
224	2	14	6	5153	
225	15	0	1	4604	
226	3	7	8	4104	
227	12	14	7	3724	
228	14	0	4	4844	
229	11	14	4	6242	
230	13	8	6	2685	
231	4	7	4	3954	
232	0	11	1	3964	
233	13	11	7	3275	
234	4	6	8	6423	
235	9	11	8	2744	
236	9	13	8	3262	
237	5	15	4	7753	
238	13	12	7	2393	
239	0	1	7	4084	
