0	3	6	2	7425	
1	0	9	1	1770	
2	12	5	1	6251	
3	15	8	1	1844	
4	4	13	1	3216	
5	6	14	1	7505	
6	13	12	7	5906	
7	12	6	1	3121	
8	12	1	1	1754	
9	4	0	1	2697	
10	1	5	2	5217	
11	3	11	1	1707	
12	8	3	1	1305	
13	11	14	1	4248	
14	4	7	1	6186	
15	3	14	1	10525	
16	2	8	1	13252	
17	14	13	8	4864	
18	9	6	7	4746	
19	9	12	1	5597	
20	8	6	7	11868	
21	12	14	7	2363	
22	6	1	1	2160	
23	4	10	1	1433	
24	1	9	1	1814	
25	1	9	1	4813	
26	13	12	7	4985	
27	7	2	1	6349	
28	11	15	1	5993	
29	15	0	8	15729	
30	13	6	1	8903	
31	1	15	1	2840	
32	14	6	1	7407	
33	0	10	1	2895	
34	15	5	1	2028	
35	14	5	1	1644	
36	7	12	1	1758	
37	10	2	1	2284	
38	6	9	5	3653	
39	12	10	2	2380	
40	14	1	1	2559	
41	1	10	1	1581	
42	7	0	1	4162	
43	12	8	1	2156	
44	12	2	1	4966	
45	5	4	6	8767	
46	7	1	1	3073	
47	6	13	1	2780	
48	5	10	1	1724	
49	4	10	1	1215	
50	0	15	6	5196	
51	11	13	1	6684	
52	9	2	1	2725	
53	0	11	1	3652	
54	3	13	1	972	
55	7	11	2	5508	
56	15	11	1	1559	
57	3	9	1	2110	
58	2	1	8	2051	
59	9	3	1	1121	
60	11	7	1	4413	
61	9	10	8	4801	
62	7	9	7	4852	
63	1	7	1	1779	
64	11	9	3	7458	
65	1	5	3	2496	
66	7	13	1	1582	
67	3	6	2	5056	
68	9	13	1	1082	
69	3	11	1	2965	
70	4	15	1	1069	
71	5	6	7	5215	
72	2	5	5	7003	
73	9	5	2	5911	
74	3	1	7	3186	
75	8	13	1	2035	
76	3	13	1	4400	
77	0	1	2	8316	
78	8	0	1	3063	
79	10	3	1	1594	
80	12	2	1	1906	
81	9	14	1	4727	
82	5	13	1	2000	
83	10	7	4	6093	
84	2	5	4	5239	
85	10	6	4	3340	
86	4	11	1	1828	
87	6	7	8	2437	
88	15	12	7	1995	
89	1	12	1	2154	
90	14	0	7	3120	
91	15	1	1	7314	
92	15	14	8	2058	
93	0	3	1	5748	
94	10	15	1	7941	
95	3	1	8	7319	
96	1	11	1	2126	
97	8	5	2	5213	
98	3	5	4	3744	
99	15	14	8	3523	
100	9	0	1	2411	
101	14	1	1	2097	
102	4	1	7	13330	
103	12	8	1	3465	
104	8	7	8	11092	
105	1	4	6	4690	
106	3	4	8	2471	
107	13	11	1	1565	
108	13	15	7	3161	
109	8	0	1	2062	
110	5	10	1	1627	
111	14	2	1	2152	
112	7	3	1	3141	
113	13	2	1	4672	
114	4	8	1	4148	
115	5	7	3	3816	
116	10	9	8	1828	
117	6	0	1	1647	
118	5	12	1	1961	
119	4	6	2	5063	
120	15	3	1	2786	
121	11	12	5	5950	
122	2	9	1	2020	
123	9	4	1	2922	
124	10	15	1	1063	
125	14	2	1	1347	
126	15	6	1	1829	
127	0	1	5	2784	
128	8	5	4	5122	
129	2	6	1	5307	
130	14	10	1	3187	
131	2	11	1	1779	
132	6	12	1	2777	
133	1	10	1	4466	
134	0	3	1	3945	
135	0	14	6	4817	
136	13	8	1	1713	
137	0	6	1	9432	
138	15	2	1	2266	
139	8	6	7	8652	
140	7	0	1	2133	
141	3	14	1	2250	
142	0	11	1	5750	
143	13	4	1	1499	
144	7	6	8	1652	
145	3	8	1	2843	
146	9	8	8	1699	
147	15	9	1	2116	
148	10	14	1	6008	
149	3	7	1	2375	
150	4	9	1	5415	
151	13	10	1	2634	
152	10	11	6	6007	
153	5	7	5	4594	
154	1	8	1	3625	
155	13	2	1	2565	
156	9	5	2	9162	
157	10	6	4	15641	
158	12	15	6	3537	
159	0	13	6	5771	
160	0	13	6	7998	
161	10	2	1	1815	
162	0	2	1	4063	
163	11	8	2	2399	
164	0	10	1	1630	
165	5	13	1	1187	
166	12	4	1	6748	
167	14	4	1	5520	
168	9	8	8	2067	
169	11	1	1	2509	
170	4	6	2	5908	
171	10	7	5	7017	
172	13	9	1	1384	
173	0	12	4	5477	
174	0	12	4	4406	
175	12	11	5	3341	
176	15	13	7	3047	
177	7	13	1	1863	
178	10	12	2	6778	
179	2	4	8	2216	
180	8	14	1	1680	
181	13	10	1	1409	
182	0	4	1	1845	
183	14	7	1	1406	
184	8	7	8	6505	
185	2	11	1	1778	
186	13	1	1	2797	
187	12	7	1	3423	
188	3	12	1	1500	
189	12	9	1	17474	
190	5	15	1	1091	
191	10	8	7	2965	
192	5	6	8	6872	
193	8	2	1	4748	
194	13	14	8	3807	
195	6	11	1	4052	
196	15	2	1	4121	
197	14	11	1	2204	
198	0	5	1	3675	
199	13	1	1	3029	
200	11	4	1	3172	
201	1	8	1	3366	
202	7	15	1	2031	
203	2	7	1	2177	
204	2	0	1	5711	
205	7	14	1	1747	
206	5	11	1	2840	
207	8	4	1	2021	
208	12	3	1	3812	
209	3	15	1	3060	
210	15	4	1	10830	
211	3	10	1	2597	
212	3	2	8	1545	
213	3	2	8	2528	
214	5	3	5	5829	
215	5	14	1	1644	
216	4	3	8	3137	
217	8	14	1	2379	
218	2	4	8	10033	
219	6	15	1	2036	
220	0	5	1	1412	
221	4	5	6	12660	
222	7	9	7	4287	
223	15	7	1	2173	
224	2	1	8	6374	
225	10	8	6	3872	
226	14	12	7	4630	
227	15	9	1	1703	
228	4	12	1	1569	
229	11	10	7	6738	
230	5	11	1	1658	
231	6	11	1	2786	
232	11	9	5	3312	
233	6	1	1	2435	
234	8	11	1	3836	
235	14	4	1	714	
236	8	15	1	4776	
237	9	14	1	2249	
238	7	4	2	5488	
239	2	6	1	3748	
