0	14	13	6	7205	
1	0	4	3	5312	
2	13	4	2	2653	
3	4	2	6	2645	
4	13	7	1	1810	
5	5	0	1	2434	
6	1	13	4	3132	
7	2	11	1	1725	
8	10	5	2	6593	
9	5	14	3	2339	
10	3	5	4	3801	
11	10	14	3	2031	
12	11	6	3	2507	
13	12	6	3	1157	
14	13	0	5	3723	
15	14	12	6	2453	
16	7	10	6	2520	
17	12	9	5	3129	
18	1	8	4	3423	
19	12	15	6	3098	
20	6	3	3	10182	
21	7	9	7	3230	
22	10	1	3	1783	
23	8	12	3	1582	
24	7	14	3	1382	
25	5	8	4	9263	
26	6	7	8	1782	
27	2	9	2	5155	
28	7	15	3	2371	
29	10	13	3	3376	
30	3	14	3	1485	
31	11	1	3	895	
32	15	8	3	2340	
33	0	10	3	1444	
34	5	11	5	2342	
35	9	5	4	2578	
36	4	5	6	1676	
37	2	15	5	2532	
38	8	4	2	2090	
39	4	15	4	5769	
40	3	15	4	1165	
41	11	6	4	4435	
42	0	7	2	1898	
43	9	6	7	1800	
44	10	11	8	1974	
45	9	8	9	1079	
46	1	2	9	2627	
47	8	11	6	4820	
48	14	15	8	1965	
49	9	10	7	2035	
50	1	2	8	1646	
51	5	15	3	8152	
52	10	2	2	1535	
53	14	7	2	2299	
54	10	6	5	1392	
55	5	2	5	2879	
56	11	3	3	4519	
57	14	2	4	2482	
58	6	15	2	2177	
59	13	11	3	2195	
60	13	5	3	2031	
61	3	1	7	1942	
62	10	3	2	1652	
63	14	10	2	2688	
64	9	11	6	3289	
65	0	3	5	1531	
66	15	0	7	1622	
67	15	12	6	1566	
68	0	5	4	1684	
69	11	14	3	1563	
70	2	5	4	1551	
71	9	4	3	1372	
72	14	9	2	1162	
73	11	4	2	5242	
74	4	6	5	1506	
75	13	2	4	7404	
76	4	10	4	2813	
77	3	9	4	3309	
78	5	8	5	2016	
79	8	15	2	1524	
80	13	0	6	1434	
81	2	7	3	1458	
82	11	12	3	5704	
83	9	12	3	1785	
84	6	15	2	2063	
85	11	5	3	5404	
86	6	2	3	1913	
87	6	4	3	1380	
88	6	8	6	1836	
89	11	15	1	2766	
90	15	13	7	1713	
91	15	3	5	3530	
92	7	12	1	1567	
93	9	13	1	1872	
94	14	12	6	1582	
95	13	4	1	1739	
96	3	13	1	1559	
97	4	9	2	2000	
98	12	7	2	1132	
99	15	11	2	1726	
100	6	13	2	1684	
101	3	8	2	2052	
102	6	9	7	1777	
103	3	13	6	1653	
104	12	1	6	997	
105	11	13	4	2223	
106	0	8	2	2187	
107	2	12	1	1810	
108	11	0	1	1507	
109	8	10	7	1469	
110	2	10	6	1757	
111	2	4	8	1781	
112	1	7	1	2345	
113	14	4	3	3400	
114	13	9	3	2938	
115	3	12	1	4115	
116	6	3	1	2992	
117	9	1	1	2185	
118	1	5	6	4957	
119	11	1	1	1500	
120	2	12	1	1533	
121	9	7	7	4661	
122	5	6	7	1438	
123	2	15	7	1033	
124	2	7	3	2837	
125	4	12	2	1813	
126	4	5	7	1547	
127	6	10	7	1126	
128	1	14	7	1067	
129	0	6	3	1956	
130	1	3	7	1779	
131	8	6	8	2362	
132	5	7	3	2904	
133	1	4	6	2757	
134	2	0	6	1130	
135	9	5	5	1988	
136	7	5	5	1341	
137	5	10	5	1047	
138	0	4	6	1988	
139	6	5	5	1754	
140	15	4	6	1644	
141	2	3	9	1817	
142	8	9	8	1154	
143	2	9	5	1569	
144	10	0	4	1411	
145	8	7	8	2093	
146	3	8	4	1786	
147	8	11	3	1529	
148	13	10	3	568	
149	12	1	3	790	
150	1	9	3	933	
151	9	11	3	1098	
152	11	12	3	653	
153	6	14	3	566	
154	5	13	3	876	
155	2	11	3	726	
156	1	6	3	684	
157	11	10	4	1595	
158	9	14	2	1984	
159	9	10	8	1301	
160	7	10	7	1239	
161	8	13	2	1160	
162	8	10	8	1035	
163	0	7	2	1497	
164	15	1	6	1785	
165	0	8	2	1359	
166	4	8	3	1032	
167	14	13	8	1109	
168	15	7	2	2179	
169	1	13	4	13537	
170	12	0	3	1801	
171	10	12	2	1785	
172	12	5	2	1006	
173	12	3	1	988	
174	0	3	5	1684	
175	3	4	7	1813	
176	0	2	7	1507	
177	15	13	8	1473	
178	0	12	6	1716	
179	9	15	3	2033	
180	15	0	8	1454	
181	5	14	4	3605	
182	14	0	6	4778	
183	15	1	6	1187	
184	6	14	3	2129	
185	5	1	5	1539	
186	15	10	2	2129	
187	3	14	5	1812	
188	10	1	3	1533	
189	3	7	2	1186	
190	3	10	2	1036	
191	9	15	1	1081	
192	8	2	1	1975	
193	15	10	2	1658	
194	12	8	1	1715	
195	4	3	8	1519	
196	2	8	1	3341	
197	0	11	1	1723	
198	11	7	1	1894	
199	6	12	1	1821	
200	9	0	1	1311	
201	14	8	2	1969	
202	15	5	4	3251	
203	1	0	7	1690	
204	4	11	1	2020	
205	0	14	7	1468	
206	13	8	4	1688	
207	11	3	3	1217	
208	4	7	5	1691	
209	13	6	3	2345	
210	13	12	7	1879	
211	14	4	4	2269	
212	6	7	7	1605	
213	5	3	6	2321	
214	7	8	7	1070	
215	13	12	7	1313	
216	2	13	3	2903	
217	12	10	4	5194	
218	6	2	3	2250	
219	7	13	3	1064	
220	9	3	1	837	
221	8	14	1	600	
222	4	7	1	1254	
223	0	1	6	2234	
224	2	14	6	1644	
225	1	6	5	2944	
226	6	0	5	782	
227	14	1	6	1658	
228	4	12	3	1531	
229	15	14	8	3035	
230	1	7	1	4251	
231	0	9	1	1381	
232	5	12	1	1153	
233	11	7	3	2332	
234	1	4	7	1489	
235	7	3	2	1804	
236	2	3	7	941	
237	8	1	2	1387	
238	10	4	1	992	
239	14	11	1	1282	
