0	0	7	4	23507	
1	9	10	6	6146	
2	8	11	5	6619	
3	9	13	3	8569	
4	2	5	6	6933	
5	7	8	8	8423	
6	4	5	7	10447	
7	9	10	8	4225	
8	2	13	6	4838	
9	15	8	4	5941	
10	0	14	7	43969	
11	8	12	4	4103	
12	14	13	8	8135	
13	6	8	6	3617	
14	2	14	4	2050	
15	10	2	2	8217	
16	10	15	3	2777	
17	13	1	5	4163	
18	0	8	3	2090	
19	4	7	4	11186	
20	2	1	8	3477	
21	1	7	4	8688	
22	6	1	4	6312	
23	0	1	7	4767	
24	14	1	5	1965	
25	1	10	3	1785	
26	14	3	5	3625	
27	12	9	3	3228	
28	10	7	6	4749	
29	15	11	4	2123	
30	8	9	7	2868	
31	0	9	3	4001	
32	4	10	3	4363	
33	7	15	3	5689	
34	4	2	7	4720	
35	6	7	7	2203	
36	11	15	3	2423	
37	4	7	4	2328	
38	14	10	3	2103	
39	14	9	3	1030	
40	10	3	3	2621	
41	2	12	4	2439	
42	14	4	4	5220	
43	11	10	7	2965	
44	5	15	5	2092	
45	5	3	7	3937	
46	12	14	6	3832	
47	14	11	4	7188	
48	0	6	4	3341	
49	3	14	5	3690	
50	13	8	2	6909	
51	9	15	3	1938	
52	8	14	2	7439	
53	12	15	5	7926	
54	11	3	2	6235	
55	15	14	8	3286	
56	5	4	8	7336	
57	8	6	7	4957	
58	7	2	3	2405	
59	11	1	3	3478	
60	10	0	3	7626	
61	6	11	5	4778	
62	12	1	4	5323	
63	15	0	8	3714	
64	12	10	4	12406	
65	10	6	5	2829	
66	1	15	6	5290	
67	13	3	5	4532	
68	14	2	5	2746	
69	6	4	5	19846	
70	7	14	3	2860	
71	10	4	3	12883	
72	11	3	3	2905	
73	3	9	3	3171	
74	14	5	4	7595	
75	7	9	7	4785	
76	0	3	6	7289	
77	1	14	5	1498	
78	12	6	4	3407	
79	10	0	3	3693	
80	10	8	7	1993	
81	2	1	8	2993	
82	3	2	8	2706	
83	5	15	5	1661	
84	6	9	6	4489	
85	15	3	5	1903	
86	5	7	5	6704	
87	13	7	3	4289	
88	11	5	2	5284	
89	0	5	5	2443	
90	7	15	3	1460	
91	6	12	3	1845	
92	2	15	6	3641	
93	2	9	3	1658	
94	4	13	4	3247	
95	0	2	5	4234	
96	4	14	4	2027	
97	13	4	5	2747	
98	10	13	3	1811	
99	5	10	4	3123	
100	0	11	4	5610	
101	13	0	6	3946	
102	9	13	3	1593	
103	1	6	3	1811	
104	11	7	6	3304	
105	7	3	4	2150	
106	11	1	3	2250	
107	15	4	5	1756	
108	13	3	5	1123	
109	10	14	3	3593	
110	15	8	3	3631	
111	3	10	3	5395	
112	10	15	3	1187	
113	14	13	8	3313	
114	11	8	6	6220	
115	7	5	5	5810	
116	2	8	3	2909	
117	9	14	3	1068	
118	12	3	4	4803	
119	12	0	5	3780	
120	1	8	4	1529	
121	5	9	5	1697	
122	9	3	4	1540	
123	5	9	5	2814	
124	7	11	6	2380	
125	2	9	3	1613	
126	6	9	6	2470	
127	13	0	7	7153	
128	5	13	5	1656	
129	8	0	3	1470	
130	12	4	4	4127	
131	9	4	3	3141	
132	5	6	5	3704	
133	4	9	3	3551	
134	2	11	2	3090	
135	2	7	3	1516	
136	3	4	8	2724	
137	13	7	3	1836	
138	3	5	5	2097	
139	10	13	3	1378	
140	11	14	3	1815	
141	11	13	3	2502	
142	5	1	5	1533	
143	0	4	6	3684	
144	6	4	3	2474	
145	10	6	5	3570	
146	6	13	3	1313	
147	9	8	8	4528	
148	12	5	5	1423	
149	8	5	5	1191	
150	1	0	7	4536	
151	1	15	6	3126	
152	1	7	3	1532	
153	11	5	2	1496	
154	4	2	7	4783	
155	0	2	6	1719	
156	3	6	3	1317	
157	5	6	5	3016	
158	0	4	6	3622	
159	4	3	7	2798	
160	13	2	6	1750	
161	6	14	3	1345	
162	5	13	5	2186	
163	0	5	5	1375	
164	0	14	6	2247	
165	11	4	2	2529	
166	8	12	3	2114	
167	10	8	7	2125	
168	5	10	5	1499	
169	9	1	3	1763	
170	5	2	5	1746	
171	6	11	3	2472	
172	15	0	8	2957	
173	15	6	3	1340	
174	15	12	5	1988	
175	10	1	3	1689	
176	8	13	3	2059	
177	3	7	3	1586	
178	1	12	5	3392	
179	15	3	6	3391	
180	12	2	5	1800	
181	0	3	7	5935	
182	0	9	3	1475	
183	3	12	4	3605	
184	12	4	4	2840	
185	7	14	3	1343	
186	8	3	3	2126	
187	8	7	8	2968	
188	7	10	6	5188	
189	9	15	3	2591	
190	6	2	3	1672	
191	5	1	5	1766	
192	13	12	7	3832	
193	15	4	6	2820	
194	11	4	3	2105	
195	14	8	3	1627	
196	12	0	5	2521	
197	11	0	3	2187	
198	11	13	4	5285	
199	6	13	3	1547	
200	6	2	3	1626	
201	15	14	8	2964	
202	4	1	7	1984	
203	7	6	8	2519	
204	6	15	3	2033	
205	1	4	7	2037	
206	1	8	3	1497	
207	9	7	7	1687	
208	11	2	2	2005	
209	0	7	3	1838	
210	12	14	6	3331	
211	13	15	7	2345	
212	9	11	6	1906	
213	12	13	7	2126	
214	12	11	6	2153	
215	8	4	3	3163	
216	8	4	3	1193	
217	1	13	5	4563	
218	2	3	8	2284	
219	6	14	3	2810	
220	11	9	6	2269	
221	8	3	4	3748	
222	10	11	6	2301	
223	5	8	5	1778	
224	10	12	3	2938	
225	1	3	7	2310	
226	1	9	3	1694	
227	6	3	3	2629	
228	2	8	3	1016	
229	7	12	3	5641	
230	12	11	6	3878	
231	12	5	5	1844	
232	7	12	3	1969	
233	15	13	8	5529	
234	1	3	8	2431	
235	2	15	6	1783	
236	2	10	3	1402	
237	0	6	3	1110	
238	12	9	3	2175	
239	5	14	5	1747	
